0.46620098
0.47698134
0.47698134
0.44811195
0.38348335
0.27115634
0.29089078
0.47835284
0.44372988
0.42330965
0.47743222
0.48113003
0.3615595
0.48449588
0.46129382
0.4454875
0.47328237
0.45122513
0.2956318
0.46992776
0.42523926
0.3611975
0.47048584
0.39838022
0.45701614
0.31212446
0.48209903
0.445041
0.46227044
0.3984136
0.3853361
0.3853361
0.39662668
0.356005
0.45239416
0.4091628
0.4027389
0.40273896
0.33318284
0.4503975
0.4645816
0.25470045
0.475447
0.4749164
0.3014215
0.42600054
0.4769102
0.32365346
0.48776048
0.34185487
0.41207308
0.45729002
0.47480538
0.46447155
0.39931956
0.46968648
0.3690137
0.4735752
0.4735752
0.4242828
0.45750833
0.45750833
0.48838955
0.47514054
0.42510325
0.48216942
0.37594858
0.44127473
0.49442136
0.4353539
0.43535393
0.44611832
0.44349158
0.37999842
0.4792373
0.4227575
0.2826067
0.24349596
0.2434958
0.38830188
0.46374124
0.32071084
0.48429292
0.3119703
0.47749728
0.34399414
0.44118533
0.4359019
0.34299165
0.3575446
0.44190726
0.41859472
0.38426408
0.38426405
0.46255562
0.45932835
0.45106557
0.43895668
0.47575217
0.47150522